Epoch: 1
Loss: 2.3112027645111084
Loss: 2.3137025833129883
Loss: 2.304347038269043
