Epoch: 1
Loss: 2.303682804107666
Loss: 2.30179500579834
Loss: 2.302687644958496
