Epoch: 1
Loss: 2.306225299835205
Loss: 2.2928874492645264
Loss: 2.3076069355010986
